10531
10627
10651
10771
11443
11587
11827
12043
12163
12547
12763
13003
13291
13627
13963
14107
14323
14683
15187
15331
15451
15643
15667
15787
16363
16843
16963
17011
17491
17683
17827
17851
17923
17971
18691
19267
19483
19507
19867
19891
20011
20323
20347
20611
20947
21187
21211
21523
22003
22027
22123
22291
22963
23131
23203
23227
23251
23371
24043
24571
24691
25147
25243
25411
26083
26203
26251
26947
27043
27211
27427
27883
28051
28411
28603
28771
28843
29131
29803
29947
30091
30187
30307
30427
30763
31267
31531
31627
32323
32371
32443
32467
32491
32587
32971
33091
33547
34147
34171
34651
34963
35227
35323
35731
35803
35851
36643
36691
37123
37171
37243
37363
37483
37507
37747
37963
37987
38083
38707
38971
39163
40531
40771
41011
41203
41851
41947
42403
42451
42667
43411
43891
44371
44683
44851
44971
45403
45691
46723
46867
47251
47947
48163
48571
48787
48907
49003
49123
49603
49747
49891
50587
50683
50971
51283
51691
52027
52147
52747
52963
53323
54091
54787
55051
55603
55987
56131
56611
56827
57283
57787
58147
58171
58243
58363
58963
59011
59083
59467
60331
60427
61051
61507
61603
61651
61843
61987
62323
62563
62683
62731
63067
63211
63691
64747
64891
65011
65203
65707
65731
66523
66643
66763
67531
67723
68371
68491
69163
69403
69931
70507
70627
71347
71563
71947
72307
72763
72931
73243
73363
73483
73651
73771
74923
75211
75787
76003
76123
76147
76651
77491
77563
77611
77731
78163
78283
78307
78643
78787
79411
79843
79987
80251
80491
80803
80923
81043
81307
81331
81931
82171
82507
82651
82723
83227
84067
85363
85531
85627
86011
86083
86467
86587
86851
87211
87403
87523
87643
88771
89083
89107
89227
89371
89563
89923
90163
90547
90787
90907
91243
91411
91771
92083
92107
92227
92251
92347
92467
93187
93283
93307
93427
93787
94531
94651
94747
95203
95923
95971
96331
96451
96787
97003
97651
97771
98443
98491
98731
99667
99907
